8.61
4.38
-5.18
-13.98
-19.05
-22.82
-27.73
-32.13
-33.03
-30.81
-28.87
-29.39
-31.38
-32.72
-32.37
-30.14
-25.57
-18.37
-9.99
-3.81
-2.91
-6.86
-11.16
-10.61
-4.05
4.03
6.75
0.41
-12.31
-23.83
-27.19
-21.54
-12.46
-6.21
-3.81
-1.51
3.58
10.49
16.91
21.89
24.31
21.25
11.26
-1.49
-9.57
-9.55
-5.11
-1.96
-1.57
-1.06
2.34
8.29
14.07
17.14
17.31
16.79
17.78
19.51
18.59
12.81
3.80
-4.59
-9.67
-11.15
-10.16
-8.37
-7.18
-6.09
-2.50
5.17
14.49
21.10
23.85
25.98
30.22
34.38
33.35
24.70
11.11
-2.17
-11.38
-15.93
-17.34
-16.71
-13.04
-4.70
6.94
16.54
18.96
14.38
7.62
2.72
0.21
-0.05
3.30
10.40
17.12
18.54
15.04
11.78
11.28
9.60
2.06
-9.55
-18.07
-18.60
-12.56
-4.79
0.67
1.64
-2.20
-8.65
-13.91
-16.22
-17.27
-18.76
-18.71
-13.70
-4.52
3.00
3.64
-2.28
-10.37
-17.13
-21.87
-24.76
-24.94
-21.20
-13.95
-6.09
-1.75
-3.37
-9.19
-14.09
-14.04
-9.82
-5.76
-4.99
-6.79
-8.55
-8.76
-7.52
-5.21
-1.92
1.90
4.97
5.82
4.15
1.96
2.40
6.43
10.57
10.04
4.48
-1.30
-3.44
-3.74
-6.26
-10.69
-12.47
-9.03
-2.95
1.65
3.41
3.36
2.91
3.71
7.38
13.10
16.77
15.02
9.53
5.27
4.39
3.87
0.03
-6.38
-10.78
-9.91
-5.15
-0.25
3.48
8.19
15.04
20.05
17.42
7.50
-1.32
-0.91
7.74
16.77
21.01
21.90
22.10
20.72
16.40
11.87
11.66
15.87
19.64
19.23
16.18
14.87
17.71
23.83
30.76
35.73
36.15
30.98
22.09
13.47
8.67
9.16
14.63
23.59
33.31
40.26
42.11
39.44
35.11
31.46
28.53
25.02
20.58
16.28
12.94
9.86
5.70
0.28
-5.30
-9.62
-11.13
-7.81
1.26
12.91
20.11
17.68
7.67
-2.60
-8.14
-10.17
-12.12
-14.33
-14.99
-14.46
-15.52
-19.09
-22.73
-24.30
-24.86
-25.97
-25.97
-21.62
-13.13
-5.27
-2.81
-5.98
-10.83
-13.03
-11.02
-6.33
-1.73
1.46
4.25
7.76
10.60
10.06
6.03
2.19
2.30
6.71
13.41
20.81
27.27
29.20
23.09
10.21
-2.79
-9.43
-8.66
-4.01
0.81
4.21
6.01
6.42
5.97
5.32
4.87
5.15
6.86
9.84
12.46
13.43
14.09
16.96
21.82
24.65
21.96
15.33
10.20
10.09
13.00
14.09
11.17
7.06
6.52
11.29
18.47
23.39
23.57
19.55
12.98
4.91
-3.90
-12.09
-18.06
-20.61
-19.26
-14.44
-8.12
-3.19
-0.81
1.27
6.13
12.67
14.72
7.42
-5.60
-13.69
-9.48
3.31
13.95
16.04
12.38
8.70
6.02
1.80
-3.75
-6.82
-5.94
-4.80
-7.36
-12.25
-14.38
-10.90
-3.74
2.83
5.31
2.22
-5.25
-13.06
-16.12
-10.96
2.49
20.49
36.08
42.41
38.25
29.69
23.80
20.84
15.27
4.05
-9.23
-19.70
-26.59
-31.29
-33.28
-31.90
-30.16
-32.04
-35.97
-35.48
-27.88
-18.33
-13.11
-11.90
-10.34
-8.20
-10.16
-18.07
-26.50
-28.30
-22.41
-13.83
-7.43
-4.41
-3.67
-3.29
-0.32
7.86
19.58
28.18
27.82
20.05
12.33
9.72
9.81
6.73
-1.14
-9.28
-12.28
-9.42
-4.49
-1.46
-1.35
-2.72
-4.06
-5.86
-10.33
-18.79
-28.51
-33.48
-30.14
-22.33
-17.98
-20.01
-22.78
-19.46
-10.85
-3.74
-1.80
-1.77
0.76
5.76
10.45
13.90
16.83
18.72
17.99
14.86
11.81
10.75
11.46
12.45
12.18
9.64
5.47
2.68
4.50
10.89
18.18
22.33
22.02
18.65
14.36
10.23
5.39
-1.65
-9.83
-14.52
-12.15
-5.59
-2.29
-6.22
-14.08
-20.33
-22.94
-22.26
-17.80
-10.22
-4.31
-4.98
-9.83
-10.63
-3.74
4.88
7.72
5.47
4.65
7.58
9.82
7.79
4.36
4.67
9.35
14.52
16.99
16.81
15.64
15.31
17.61
22.73
27.14
25.44
16.11
4.15
-3.38
-4.06
-1.54
-0.98
-3.80
-6.48
-3.50
7.35
21.58
30.42
28.56
19.38
11.19
8.43
8.42
6.69
2.51
-1.92
-5.50
-8.42
-9.74
-7.96
-4.27
-2.71
-5.71
-11.04
-14.22
-13.25
-9.71
-6.36
-4.78
-4.70
-4.49
-2.53
0.89
3.21
2.28
-0.40
-0.58
3.96
10.35
13.36
11.30
8.23
9.80
16.82
23.97
25.40
21.09
16.39
15.44
17.05
17.70
16.36
14.14
10.99
5.83
-0.48
-5.78
-10.29
-15.78
-20.15
-17.19
-5.14
8.09
13.09
10.51
9.30
13.83
18.50
16.78
10.59
6.97
8.54
11.38
10.77
5.62
-1.98
-8.38
-10.09
-6.97
-3.92
-6.53
-14.58
-22.01
-24.30
-23.06
-22.47
-23.40
-23.32
-20.71
-17.35
-16.54
-20.17
-27.13
-33.63
-35.74
-32.66
-27.08
-21.55
-15.89
-9.30
-4.20
-5.17
-13.86
-26.35
-36.04
-38.29
-32.37
-21.21
-10.26
-5.11
-7.77
-14.99
-20.87
-21.28
-16.08
-7.96
-0.12
5.70
9.89
13.66
16.47
15.69
9.75
1.19
-5.29
-7.65
-7.70
-7.52
-7.16
-6.73
-8.17
-12.30
-15.61
-13.18
-5.11
2.72
4.90
1.61
-3.33
-7.08
-8.89
-8.63
-6.48
-3.62
-1.12
1.47
4.77
7.37
7.19
4.83
3.56
5.59
10.02
14.81
18.67
20.45
18.88
14.66
10.57
7.79
3.63
-4.53
-14.34
-20.62
-22.20
-23.27
-27.08
-31.13
-30.61
-24.79
-18.04
-15.31
-18.22
-24.64
-30.23
-30.99
-26.07
-18.77
-13.61
-12.12
-12.27
-11.63
-9.68
-6.49
-1.18
6.95
16.23
23.13
25.39
23.77
20.65
17.41
13.80
9.19
3.54
-3.08
-10.75
-18.64
-24.30
-25.67
-23.83
-22.46
-23.72
-25.95
-26.19
-23.53
-18.61
-11.49
-3.00
2.87
1.65
-5.49
-11.58
-11.69
-8.79
-9.17
-14.41
-20.71
-24.85
-26.69
-25.84
-20.37
-10.73
-1.81
1.91
1.63
1.97
4.40
5.68
2.79
-3.02
-7.90
-9.58
-8.90
-8.04
-8.32
-9.16
-8.81
-5.93
-0.80
5.07
10.16
13.19
13.03
9.88
6.32
5.53
7.89
10.39
10.28
7.92
5.28
3.29
1.94
1.65
2.32
1.98
-1.22
-5.61
-7.18
-4.40
0.37
4.99
10.38
17.24
22.37
21.49
15.05
8.49
6.26
7.43
7.99
5.69
1.93
-0.21
1.14
5.16
9.01
10.13
8.02
3.78
-1.45
-6.65
-10.34
-11.84
-13.10
-17.19
-23.84
-28.20
-25.87
-17.96
-9.61
-3.84
1.11
8.45
18.58
28.73
35.48
36.96
33.42
26.98
20.50
15.83
12.97
11.11
10.32
11.49
14.41
16.92
16.79
14.78
14.43
18.01
23.21
25.18
21.92
16.27
12.08
10.07
8.80
8.17
9.71
13.56
17.28
18.14
15.36
9.76
3.07
-1.70
-1.42
3.84
9.63
11.01
7.49
2.93
1.13
2.74
5.98
8.50
8.66
7.03
6.85
11.23
18.90
24.48
24.33
20.88
19.65
22.95
28.19
31.63
31.56
27.71
20.28
11.11
4.50
4.57
11.26
19.77
24.31
22.18
15.13
7.82
4.80
7.63
13.77
18.66
19.43
16.67
12.71
9.30
7.38
7.95
11.28
15.09
15.52
11.06
4.85
1.77
3.14
5.33
3.69
-2.77
-10.88
-16.90
-19.94
-21.73
-23.68
-24.99
-24.06
-20.97
-17.79
-16.20
-15.68
-14.39
-11.28
-7.09
-3.65
-2.27
-2.12
-0.73
2.84
5.14
1.33
-7.67
-13.27
-7.74
5.95
15.79
12.81
-0.71
-15.10
-22.41
-20.57
-12.19
-2.83
1.00
-4.05
-15.13
-26.06
-33.27
-37.55
-40.55
-42.18
-41.97
-40.70
-39.32
-38.13
-38.14
-41.08
-45.86
-46.58
-37.71
-21.33
-6.94
-2.84
-9.34
-20.58
-30.38
-34.96
-32.77
-25.57
-18.95
-18.04
-21.61
-22.89
-17.77
-9.70
-4.55
-2.79
-0.30
4.30
7.09
4.57
-1.19
-5.14
-5.16
-2.96
-0.29
3.08
7.31
10.27
8.73
2.11
-5.51
-7.81
-2.30
6.32
10.72
9.29
7.40
8.92
9.76
3.70
-7.00
-12.47
-7.12
3.70
10.86
11.20
7.14
0.50
-8.13
-15.47
-16.40
-10.34
-3.54
-3.33
-11.75
-25.11
-37.90
-45.91
-47.41
-43.13
-34.95
-24.35
-12.96
-4.32
-2.39
-7.01
-12.50
-13.41
-10.92
-11.66
-19.81
-32.06
-41.19
-43.68
-42.49
-42.37
-43.73
-42.53
-36.00
-26.66
-19.36
-15.47
-12.27
-7.68
-2.88
0.53
3.35
6.64
8.61
6.13
-0.97
-9.70
-17.36
-22.83
-24.19
-18.43
-5.69
7.89
14.42
11.51
4.09
-0.99
-0.82
2.84
6.64
8.10
6.09
0.80
-5.85
-10.23
-8.89
-1.51
7.49
11.46
7.27
-1.22
-6.31
-3.68
4.63
14.48
24.47
34.66
42.31
43.18
37.31
29.78
23.72
16.11
4.09
-7.12
-8.01
3.39
17.77
24.49
21.51
13.72
5.06
-3.61
-11.00
-14.63
-13.73
-9.72
-3.45
4.82
12.23
13.47
6.53
-3.79
-10.45
-10.88
-7.71
-4.29
-1.60
1.13
5.57
13.68
25.57
37.48
43.69
41.73
34.45
26.51
20.18
15.61
13.74
16.58
23.82
30.63
30.71
22.45
11.45
5.64
7.29
11.01
10.32
5.18
0.86
-0.08
-1.58
-8.22
-17.27
-19.93
-11.54
1.47
7.14
1.06
-8.24
-8.74
0.96
9.81
7.40
-4.46
-15.78
-21.05
-22.81
-23.26
-19.20
-8.86
1.00
0.99
-9.02
-19.11
-21.01
-16.42
-12.31
-11.72
-11.97
-9.75
-5.15
-1.64
-3.83
-14.33
-30.19
-43.51
-48.02
-45.59
-44.13
-48.42
-55.11
-57.79
-55.30
-53.03
-56.41
-64.52
-70.82
-69.73
-62.60
-56.89
-58.70
-66.24
-72.03
-72.09
-70.75
-74.15
-80.44
-80.25
-67.80
-48.26
-31.75
-22.30
-16.42
-11.58
-11.78
-22.33
-41.16
-58.22
-63.71
-56.30
-43.67
-36.12
-38.85
-48.80
-58.15
-60.74
-55.70
-45.85
-34.37
-23.91
-17.40
-17.13
-22.44
-29.74
-35.21
-36.91
-33.77
-25.02
-12.65
-3.80
-6.94
-23.11
-42.07
-50.13
-42.90
-28.86
-19.70
-19.24
-23.35
-27.84
-31.91
-34.01
-29.74
-17.61
-4.32
-0.00
-8.18
-23.15
-36.70
-44.41
-45.52
-40.71
-32.74
-26.71
-26.33
-29.79
-31.47
-28.32
-23.22
-21.21
-23.09
-24.01
-19.12
-10.35
-5.96
-12.26
-26.44
-39.19
-43.78
-40.55
-33.23
-24.21
-15.10
-8.73
-7.21
-8.47
-7.62
-1.86
7.28
16.01
20.66
18.27
7.85
-7.63
-21.87
-28.98
-26.27
-14.69
1.01
12.57
12.83
3.28
-5.55
-4.54
4.23
11.57
13.48
14.32
17.12
17.48
11.28
3.83
4.01
10.58
11.27
-1.98
-21.91
-33.39
-28.60
-11.84
7.47
21.38
24.83
16.94
3.49
-5.67
-5.41
-0.74
-1.10
-9.34
-18.04
-17.46
-6.46
5.74
9.00
2.90
-3.30
-1.39
6.67
11.81
8.40
-0.27
-6.69
-6.78
-2.19
2.72
4.73
3.66
2.08
2.84
6.08
8.89
8.46
5.21
2.31
2.42
5.26
8.09
8.19
5.31
1.83
0.35
0.96
1.53
0.73
-0.00
1.79
6.56
12.17
15.89
16.29
13.46
8.39
2.41
-3.51
-9.21
-14.96
-19.94
-21.44
-16.48
-5.00
8.73
18.90
22.93
23.10
23.06
23.68
23.29
21.35
20.22
22.64
28.53
34.93
38.43
37.10
30.90
21.50
11.65
4.06
0.39
1.13
6.11
14.30
23.04
28.25
26.76
19.59
12.64
12.31
19.05
25.60
23.50
11.86
-1.39
-7.44
-4.75
1.70
7.42
12.61
19.54
28.11
35.62
39.69
40.19
38.76
37.68
39.23
44.03
49.07
48.62
39.36
24.79
13.09
9.78
13.52
19.99
27.73
37.99
49.73
58.41
61.08
60.24
60.56
63.37
66.89
70.08
72.79
71.88
61.57
40.23
15.06
-2.72
-7.07
-0.06
12.76
27.40
41.67
53.46
60.63
62.27
59.27
54.10
50.10
50.13
54.71
61.54
66.74
66.48
58.57
44.44
30.28
24.18
29.88
42.95
54.42
58.58
56.66
53.33
50.82
47.90
43.87
41.15
41.97
43.38
38.70
26.17
14.14
13.60
25.14
36.67
36.22
24.47
11.99
6.24
5.07
2.75
-1.99
-5.79
-5.44
-0.66
6.37
11.92
12.34
7.24
1.03
-0.80
2.54
6.82
8.70
10.17
15.56
25.31
34.73
39.32
39.60
39.54
41.08
41.90
38.73
31.89
25.35
22.88
24.66
27.66
28.78
27.86
27.96
32.44
41.34
50.80
56.61
58.15
57.93
57.61
55.87
50.69
42.38
33.18
24.81
17.78
12.87
11.43
13.79
18.26
22.28
24.21
23.82
22.01
20.42
20.59
22.50
24.62
25.91
27.27
29.90
32.95
34.44
34.24
34.26
34.79
32.89
26.15
17.05
11.32
11.71
15.48
18.39
19.54
21.12
24.95
30.78
37.22
42.72
45.72
45.21
41.96
38.59
37.67
39.73
43.21
46.28
48.68
51.70
56.17
60.83
63.30
62.53
59.62
55.76
50.84
44.69
38.82
35.33
34.64
35.43
36.50
37.20
36.48
33.05
26.92
19.53
12.34
6.92
6.28
13.12
25.20
34.50
33.77
23.55
10.82
1.39
-4.34
-8.49
-11.47
-12.06
-9.88
-6.37
-3.60
-2.73
-2.95
-1.55
3.95
12.93
21.68
26.56
26.24
20.70
10.05
-3.50
-14.16
-15.73
-7.31
5.32
14.24
14.73
7.24
-3.55
-11.32
-12.01
-6.95
-1.23
1.57
1.94
1.56
-0.25
-4.88
-10.69
-13.46
-10.98
-5.66
-1.97
-2.58
-7.11
-13.39
-18.86
-21.57
-21.03
-18.19
-14.55
-10.81
-6.36
-0.11
7.70
14.50
17.24
15.71
12.82
11.01
9.90
9.02
10.79
17.50
25.75
28.01
20.92
9.21
-0.23
-5.09
-6.50
-4.41
1.41
7.75
10.06
8.44
7.35
8.44
8.11
4.61
3.24
10.25
23.21
32.17
30.91
23.36
17.54
16.23
15.80
12.66
7.65
4.00
3.40
5.09
7.39
8.36
5.49
-2.75
-13.91
-21.43
-19.97
-11.41
-4.02
-4.61
-11.92
-18.52
-18.67
-13.49
-9.23
-11.34
-19.45
-26.90
-25.58
-13.11
4.32
16.90
19.44
13.97
5.60
-1.76
-5.55
-4.13
1.03
4.68
2.11
-6.14
-15.83
-24.41
-32.26
-39.14
-42.79
-42.20
-39.70
-38.24
-38.37
-39.06
-39.62
-38.88
-34.46
-25.93
-17.71
-15.72
-20.15
-24.37
-22.49
-16.46
-13.85
-19.08
-28.30
-33.46
-30.48
-22.98
-18.14
-19.36
-23.22
-23.63
-18.27
-10.68
-6.59
-8.78
-15.26
-21.40
-23.41
-20.39
-13.86
-6.20
-0.07
1.64
-2.49
-9.94
-14.85
-12.95
-5.31
3.63
10.83
15.76
18.24
18.06
16.75
16.70
17.67
16.70
12.72
8.69
7.42
7.65
6.80
5.72
7.36
11.48
14.01
12.50
9.28
7.96
8.74
9.00
7.63
6.72
8.76
13.15
16.10
14.12
7.23
-1.38
-8.14
-10.49
-6.61
3.76
16.95
26.49
29.13
28.64
31.12
37.44
43.23
45.34
44.62
42.10
36.47
27.31
17.51
9.79
3.81
-0.71
-0.41
7.70
19.94
27.94
27.55
22.51
18.44
16.76
15.72
14.39
12.58
8.67
0.89
-9.41
-17.89
-21.30
-20.06
-16.48
-11.94
-6.57
-0.96
3.07
3.88
2.28
1.68
5.09
11.60
16.71
17.11
14.36
12.62
13.03
12.27
7.35
0.32
-3.42
-0.84
5.93
12.64
17.06
19.29
19.31
16.18
10.00
3.38
-0.40
-0.51
0.89
1.55
1.66
3.04
6.46
10.60
13.55
14.88
16.02
19.19
25.46
33.46
40.11
43.47
44.54
45.31
45.36
42.37
36.86
33.94
38.19
47.62
55.00
55.03
48.06
36.81
22.61
6.75
-7.01
-14.34
-14.85
-12.38
-10.17
-7.50
-1.98
6.01
12.79
15.22
13.64
10.59
7.87
5.97
5.85
8.67
12.75
12.68
4.02
-10.75
-23.05
-25.98
-20.25
-12.08
-6.39
-3.59
-2.26
-2.81
-7.10
-14.73
-21.21
-21.42
-15.27
-8.72
-8.12
-14.14
-22.38
-28.92
-33.19
-35.67
-35.45
-31.24
-23.19
-12.66
-1.42
7.72
11.30
7.74
-1.11
-12.02
-22.85
-31.97
-37.02
-36.60
-32.92
-30.73
-32.81
-37.16
-38.20
-30.75
-14.48
4.06
15.15
13.89
4.20
-6.35
-14.20
-20.26
-24.59
-25.09
-21.87
-18.94
-19.32
-21.65
-23.69
-26.62
-32.48
-38.70
-39.01
-30.50
-17.36
-6.62
-1.60
-0.31
0.88
3.26
5.32
5.39
4.17
3.95
5.00
4.18
-1.53
-10.40
-16.74
-17.01
-13.67
-11.81
-13.14
-14.86
-13.80
-9.86
-5.16
-1.45
0.66
1.13
0.46
-0.40
-1.35
-4.25
-11.30
-22.02
-32.88
-40.37
-43.78
-44.67
-44.57
-44.29
-44.55
-45.63
-46.65
-46.23
-44.32
-42.50
-42.16
-43.25
-45.05
-47.57
-51.32
-56.02
-60.24
-62.23
-61.27
-58.83
-58.25
-62.37
-70.25
-76.87
-77.33
-71.27
-62.42
-54.11
-46.53
-38.78
-31.83
-28.11
-28.66
-31.84
-34.74
-34.91
-31.27
-25.02
-20.09
-20.78
-27.16
-33.40
-32.26
-21.94
-7.81
2.68
5.86
2.98
-2.65
-8.04
-10.83
-9.54
-4.71
0.59
2.49
-0.88
-7.71
-13.52
-14.44
-10.22
-4.34
-0.36
1.49
3.49
6.53
8.88
9.13
8.64
8.99
8.39
2.98
-7.52
-17.48
-20.15
-14.19
-4.89
0.71
-0.62
-6.53
-12.25
-15.30
-17.29
-20.64
-23.76
-21.27
-10.51
3.57
11.97
10.50
3.44
-1.96
-3.01
-2.46
-3.23
-4.51
-3.58
0.33
5.07
7.86
7.22
3.24
-2.64
-7.57
-8.66
-5.72
-1.73
0.75
2.48
5.16
7.24
5.54
1.45
1.25
7.42
13.07
9.68
-0.44
-5.11
3.11
17.32
24.19
18.42
6.14
-4.07
-9.32
-11.94
-15.03
-20.16
-26.96
-32.97
-34.82
-31.54
-25.98
-21.78
-19.08
-14.69
-6.88
1.20
3.91
-1.21
-10.83
-18.89
-21.74
-20.02
-16.46
-13.21
-11.41
-12.06
-15.61
-20.80
-25.03
-26.24
-24.26
-19.99
-14.21
-8.05
-3.92
-4.41
-9.18
-13.97
-14.17
-9.70
-5.26
-5.14
-8.77
-12.20
-12.96
-11.60
-9.25
-5.95
-2.63
-2.45
-7.82
-16.47
-22.17
-20.19
-11.92
-4.03
-3.26
-11.08
-22.28
-28.82
-26.28
-16.97
-6.67
1.08
6.55
10.81
13.18
12.38
8.51
3.22
-0.78
-0.08
7.42
18.55
24.55
18.21
1.86
-14.24
-22.30
-23.70
-24.17
-25.52
-25.23
-22.60
-20.77
-22.04
-24.36
-24.54
-22.83
-22.24
-24.32
-27.94
-31.31
-33.67
-35.09
-36.28
-38.45
-41.73
-43.92
-42.49
-38.09
-34.68
-35.46
-39.70
-43.80
-44.52
-41.03
-35.39
-31.61
-32.65
-37.21
-40.36
-38.30
-31.47
-22.30
-11.62
0.19
9.78
11.81
4.83
-5.72
-12.17
-11.91
-9.30
-10.71
-18.25
-27.65
-31.58
-25.59
-11.94
1.86
8.75
7.33
2.07
-0.99
0.75
4.93
6.98
4.66
0.28
-1.79
0.08
3.02
3.18
0.01
-3.49
-4.22
-1.66
2.36
4.94
3.52
-1.90
-7.11
-6.49
1.04
9.92
13.69
12.10
10.39
12.22
15.94
18.49
20.32
24.23
30.98
38.22
43.51
46.52
47.95
47.75
45.41
41.77
39.68
42.18
49.41
57.57
61.81
60.48
56.00
51.38
47.36
43.41
39.83
36.93
33.02
25.60
15.13
6.05
3.00
6.63
13.17
17.61
17.04
11.97
4.95
-2.45
-10.98
-21.33
-30.78
-34.49
-30.90
-24.36
-21.00
-22.58
-25.87
-27.27
-26.52
-25.83
-27.00
-29.61
-31.25
-29.24
-23.35
-17.41
-16.71
-22.46
-29.48
-31.05
-26.05
-19.61
-16.48
-15.31
-11.38
-3.76
2.76
3.37
-1.12
-5.45
-5.17
0.61
10.36
21.34
29.66
31.77
27.23
18.80
9.32
0.09
-7.00
-8.39
-2.72
5.32
8.51
5.15
0.75
0.70
3.87
5.38
3.73
1.99
2.42
3.15
1.18
-3.54
-8.08
-9.44
-6.40
-0.10
6.10
8.58
7.38
7.13
11.69
18.13
18.95
11.63
3.32
3.09
10.83
16.85
13.32
3.19
-3.87
-2.64
2.97
5.63
2.38
-4.00
-9.38
-12.43
-14.82
-18.69
-23.93
-27.73
-26.82
-20.31
-10.31
-0.17
6.97
8.33
2.84
-6.07
-10.97
-6.50
4.77
14.67
17.90
16.41
15.26
16.38
17.87
17.35
13.78
7.36
-0.17
-5.47
-6.10
-3.48
-1.56
-2.19
-3.44
-3.32
-3.22
-5.80
-10.21
-11.41
-5.29
6.08
15.03
14.60
4.72
-7.41
-13.68
-12.14
-7.73
-6.04
-7.25
-7.61
-5.91
-6.26
-12.80
-23.34
-30.54
-29.95
-24.67
-21.45
-23.67
-30.10
-38.48
-47.26
-53.45
-52.61
-43.32
-30.18
-20.07
-16.14
-16.91
-20.13
-24.52
-27.99
-27.63
-22.95
-17.18
-13.35
-10.82
-7.29
-2.99
-0.35
-0.25
-1.18
-2.16
-4.09
-7.36
-10.22
-11.04
-10.68
-10.76
-10.52
-7.48
-1.32
4.66
6.64
4.02
-0.43
-3.39
-3.63
-2.61
-2.94
-5.63
-8.60
-8.39
-3.99
2.07
6.76
9.76
12.48
14.97
15.94
15.62
16.40
19.58
23.37
25.58
26.74
28.29
28.49
23.05
10.97
-1.99
-7.43
-1.63
11.60
24.50
30.80
28.85
21.69
14.99
13.93
19.98
29.97
38.34
41.20
38.47
32.46
25.05
17.00
9.53
4.49
1.94
-1.18
-7.80
-16.51
-22.64
-23.87
-22.73
-22.75
-23.82
-23.12
-19.39
-14.41
-10.70
-9.42
-10.73
-14.59
-20.52
-27.22
-32.69
-34.51
-30.77
-22.13
-12.63
-6.57
-4.49
-3.57
-2.22
-1.97
-3.61
-4.09
0.20
8.03
14.22
15.50
13.31
10.43
7.74
5.48
4.74
5.53
4.75
-1.08
-11.21
-20.77
-25.34
-23.72
-16.79
-6.35
4.00
9.49
8.21
3.70
1.83
5.06
10.84
14.93
15.23
12.38
8.38
5.04
3.00
1.63
0.35
-0.14
1.53
5.42
9.65
12.31
13.13
12.91
11.84
9.09
4.44
-0.48
-2.99
-1.66
1.91
4.13
2.45
-2.76
-9.43
-16.47
-24.00
-31.06
-34.83
-33.58
-29.47
-26.64
-26.31
-25.77
-22.84
-19.56
-19.51
-22.41
-23.79
-20.43
-14.39
-10.84
-12.75
-18.56
-24.17
-26.69
-26.94
-28.04
-30.85
-31.21
-24.55
-13.89
-9.36
-17.00
-30.43
-37.86
-36.13
-32.85
-34.50
-38.20
-37.76
-33.17
-29.44
-28.58
-27.84
-25.60
-24.51
-27.35
-32.74
-37.01
-38.71
-39.38
-39.96
-37.66
-27.98
-10.83
5.66
10.31
-0.04
-15.89
-23.86
-19.62
-9.56
-1.05
4.66
9.29
12.44
13.24
13.77
16.71
20.37
20.34
16.22
12.88
13.88
16.65
16.36
12.26
7.93
6.28
7.09
9.59
14.89
24.37
36.37
45.83
47.78
41.26
30.14
20.28
15.52
15.85
18.55
20.50
20.03
17.72
15.85
16.14
17.66
17.71
15.46
13.51
14.76
18.42
20.85
20.36
19.51
21.67
26.37
28.84
24.11
11.56
-3.89
-14.97
-17.61
-14.16
-10.94
-12.11
-16.42
-19.58
-18.67
-13.71
-6.60
0.13
4.37
5.81
6.08
6.53
6.45
4.94
3.79
6.45
13.34
20.08
21.81
18.28
13.78
12.25
13.42
13.71
10.34
4.21
-1.55
-5.63
-10.14
-16.96
-23.76
-26.08
-23.58
-21.57
-24.94
-32.51
-39.14
-41.71
-40.61
-36.91
-31.20
-24.86
-19.39
-14.30
-8.68
-5.10
-7.75
-15.05
-18.32
-11.93
-2.17
-0.92
-10.96
-22.35
-25.03
-20.18
-16.00
-15.59
-13.98
-7.12
0.75
1.29
-8.14
-21.08
-28.14
-25.22
-15.80
-6.50
-1.18
1.03
3.02
5.85
8.07
8.45
8.36
9.97
12.61
12.67
8.04
1.20
-3.77
-6.42
-9.76
-14.24
-14.81
-6.32
9.10
22.51
26.82
23.75
21.46
26.19
36.52
45.33
46.61
40.63
33.11
29.57
30.37
31.19
28.28
22.57
18.52
19.13
22.61
24.16
20.98
15.11
11.27
12.25
17.16
23.42
29.23
33.41
34.20
30.08
21.91
13.34
8.28
7.74
9.13
8.38
3.48
-3.63
-8.80
-9.71
-8.06
-7.48
-10.03
-15.47
-22.57
-29.21
-31.88
-28.18
-20.95
-17.75
-23.53
-34.57
-41.63
-39.18
-30.23
-22.46
-21.12
-25.61
-30.87
-30.68
-21.23
-4.00
14.03
24.27
21.94
8.82
-8.47
-22.39
-27.87
-23.71
-12.48
0.79
10.72
13.90
10.56
4.57
1.19
3.49
10.26
17.54
22.33
25.08
28.36
33.43
38.21
38.89
33.63
24.41
15.10
8.07
3.49
1.87
4.94
12.05
17.40
14.86
6.72
3.91
14.00
30.72
39.59
33.73
19.85
8.12
0.52
-7.65
-18.48
-28.53
-34.15
-35.22
-33.23
-29.18
-24.65
-21.79
-20.34
-16.91
-9.51
-1.61
0.39
-6.39
-18.54
-29.60
-35.04
-34.92
-32.58
-30.88
-29.26
-25.23
-18.96
-14.29
-13.87
-15.17
-14.12
-11.47
-11.89
-15.88
-16.87
-9.30
2.48
7.44
0.28
-12.67
-20.79
-19.84
-13.36
-5.96
1.00
7.26
11.33
12.50
13.04
15.41
17.92
15.93
8.18
-0.41
-3.66
-1.24
0.69
-4.07
-15.01
-24.68
-25.18
-15.43
-2.60
4.10
1.35
-6.03
-10.01
-6.12
3.94
14.49
20.23
19.26
13.33
5.51
-1.95
-7.44
-8.96
-4.90
3.61
12.63
18.36
20.21
20.91
24.49
33.34
45.43
54.44
55.05
49.17
45.10
48.72
56.89
61.41
58.45
51.95
48.69
52.05
60.44
69.25
73.75
71.74
64.36
54.42
44.05
34.86
29.05
28.15
30.58
32.83
33.66
35.17
38.43
40.34
36.96
29.44
24.20
26.45
34.54
41.74
43.54
42.11
43.31
49.70
57.88
62.65
62.08
57.74
51.69
45.63
41.43
39.25
35.83
28.29
20.46
20.77
31.26
42.26
42.47
32.22
22.17
19.68
21.86
22.48
20.39
17.94
15.05
9.41
1.39
-4.75
-4.65
2.78
14.83
25.34
27.15
17.75
3.46
-5.11
-3.31
3.43
6.42
2.58
-4.95
-12.45
-18.71
-23.21
-24.55
-22.26
-18.68
-17.09
-17.66
-16.63
-10.47
-1.09
4.27
0.00
-11.18
-19.88
-19.69
-14.06
-12.33
-19.00
-28.48
-31.09
-23.29
-11.37
-5.16
-8.54
-16.00
-18.39
-11.69
0.14
10.18
14.34
12.14
4.43
-6.45
-15.12
-15.78
-8.02
1.69
5.94
3.01
-3.23
-8.05
-9.01
-5.77
0.50
7.45
12.77
15.49
15.17
10.97
3.10
-4.88
-7.70
-3.09
6.22
15.54
21.78
24.12
23.63
23.19
26.13
33.35
42.32
49.11
50.44
44.39
32.46
21.71
20.91
30.99
41.88
42.69
33.75
24.79
22.80
26.17
29.97
31.11
27.45
18.10
8.07
7.26
20.08
38.75
51.05
52.67
48.30
43.32
39.85
39.24
41.92
44.04
39.89
29.99
22.28
22.61
27.48
29.24
25.42
19.63
15.33
12.93
12.18
13.94
18.62
24.72
29.43
29.91
25.03
17.65
13.85
17.51
25.45
30.54
29.84
27.48
28.63
33.17
37.05
37.86
36.77
35.55
34.25
32.20
29.58
27.47
27.15
29.35
33.11
35.13
31.91
23.40
13.81
7.71
6.09
6.93
8.32
9.37
8.90
5.73
0.78
-3.19
-4.81
-5.21
-4.75
-0.99
7.35
15.51
15.53
5.38
-7.21
-12.08
-7.11
0.15
0.86
-6.35
-14.92
-17.53
-13.01
-6.41
-2.96
-2.73
-2.09
0.51
2.38
1.16
-0.51
2.36
10.25
17.99
21.12
20.72
20.38
20.90
20.71
19.91
20.22
21.22
20.14
16.51
13.47
12.68
11.16
6.01
-0.30
-3.01
-2.20
-2.22
-4.15
-3.47
2.66
9.63
9.81
1.55
-9.07
-14.42
-11.52
-3.27
4.15
5.44
-0.06
-7.96
-12.86
-12.73
-9.00
-3.75
1.22
3.15
-0.94
-10.84
-21.84
-28.02
-26.93
-20.94
-14.66
-11.28
-10.74
-10.75
-9.72
-8.49
-8.91
-10.88
-12.01
-10.23
-6.40
-3.80
-5.28
-10.89
-17.73
-22.09
-22.30
-19.61
-16.03
-11.65
-4.96
4.41
14.49
22.75
27.83
29.03
25.80
18.82
10.69
4.13
0.16
-0.89
1.89
8.02
13.06
11.44
3.42
-3.24
-1.22
8.09
16.52
18.44
15.48
11.79
8.24
3.39
-1.99
-4.79
-3.69
-1.04
0.36
0.41
0.58
1.01
0.61
-0.17
1.49
7.77
17.00
24.49
26.81
24.50
20.74
17.75
15.07
10.86
4.21
-3.75
-10.56
-14.19
-14.69
-14.07
-13.87
-12.97
-9.26
-3.90
-1.91
-6.40
-13.16
-13.91
-5.67
5.44
10.95
8.63
2.75
-2.41
-6.31
-9.84
-12.38
-12.41
-9.54
-4.96
-1.16
-1.35
-7.03
-14.86
-17.95
-12.45
-2.37
4.25
3.44
-1.80
-6.02
-6.68
-4.84
-2.72
-1.42
-0.01
3.57
9.95
16.53
19.44
17.59
13.59
10.50
9.31
9.80
11.64
13.50
13.30
11.17
10.53
14.11
19.87
23.18
22.18
18.74
14.64
9.90
4.79
0.48
-3.47
-9.27
-16.66
-21.01
-18.36
-10.95
-4.83
-2.81
-2.69
-2.36
-2.94
-5.79
-9.10
-10.11
-9.10
-8.68
-9.58
-9.51
-6.31
-0.67
4.86
8.30
9.02
7.27
4.27
2.21
3.37
8.67
16.93
25.35
30.64
30.69
25.89
18.91
12.91
9.74
9.24
9.77
9.14
6.20
1.89
-1.41
-2.13
-0.70
1.78
5.36
10.92
18.08
24.48
27.40
25.60
19.17
8.72
-4.09
-15.37
-20.37
-17.62
-11.02
-6.19
-4.87
-4.50
-3.30
-3.15
-5.88
-9.10
-8.72
-4.85
-2.09
-3.58
-7.56
-10.60
-11.65
-11.68
-11.55
-11.86
-13.14
-14.05
-11.20
-3.41
4.51
5.13
-3.94
-17.20
-26.34
-27.08
-21.65
-16.34
-16.50
-21.89
-26.56
-24.92
-18.24
-13.40
-14.72
-19.12
-20.37
-16.23
-9.80
-5.06
-3.18
-2.94
-2.79
-1.86
0.25
3.55
7.39
9.91
8.67
3.27
-2.86
-4.97
-2.00
2.40
5.14
7.79
13.24
19.58
21.12
15.96
9.32
7.27
9.83
12.58
13.51
14.57
16.62
16.78
12.76
7.37
6.07
10.94
19.50
28.75
37.21
42.86
42.71
37.37
33.43
37.37
47.11
53.05
48.62
37.28
27.41
22.70
20.18
16.40
12.22
10.58
11.92
13.72
13.93
13.52
15.48
21.68
31.04
40.51
47.10
48.72
43.72
31.74
15.93
2.89
-1.95
0.67
4.65
4.57
0.10
-5.43
-9.19
-10.39
-8.90
-4.41
2.06
6.97
6.50
0.42
-7.14
-12.02
-14.31
-16.76
-19.39
-18.69
-13.55
-9.10
-11.71
-21.27
-31.75
-38.76
-43.07
-46.06
-46.18
-42.25
-37.34
-36.00
-38.95
-43.19
-46.10
-46.55
-43.35
-36.30
-29.03
-26.54
-28.60
-28.90
-22.80
-13.50
-7.94
-8.38
-11.32
-13.40
-14.60
-15.51
-14.85
-11.77
-8.28
-7.42
-9.78
-13.18
-15.13
-14.52
-11.99
-9.72
-9.87
-12.16
-13.49
-11.53
-7.90
-6.31
-8.18
-11.61
-14.07
-14.33
-12.16
-8.87
-7.92
-12.02
-18.81
-22.35
-20.35
-17.31
-18.18
-21.74
-23.73
-24.19
-26.99
-32.04
-32.79
-24.22
-10.72
-3.18
-8.77
-24.74
-41.50
-50.48
-49.62
-42.99
-36.02
-31.38
-28.84
-27.41
-25.78
-21.47
-12.82
-2.80
2.10
-0.97
-6.98
-8.64
-5.26
-2.82
-5.51
-10.77
-13.99
-14.54
-14.57
-14.07
-11.34
-7.47
-6.04
-7.29
-6.47
-0.88
4.56
2.94
-5.09
-12.32
-15.42
-18.69
-25.51
-31.69
-32.18
-30.50
-34.50
-43.83
-48.94
-44.26
-36.05
-33.27
-35.41
-34.96
-29.10
-22.87
-21.30
-24.24
-30.18
-39.78
-52.33
-61.98
-62.14
-52.67
-39.93
-30.19
-25.32
-24.34
-25.78
-27.56
-27.40
-25.42
-25.01
-29.04
-35.43
-38.40
-34.32
-25.24
-16.58
-12.23
-11.77
-11.60
-8.06
-0.57
7.67
12.30
11.74
8.42
6.43
8.07
12.36
15.63
13.96
6.92
-0.83
-3.68
-1.50
0.64
0.79
4.46
16.14
29.13
30.26
16.08
-1.92
-11.13
-11.93
-13.41
-19.24
-24.19
-23.48
-18.76
-13.93
-10.55
-9.48
-12.27
-17.60
-20.16
-16.78
-11.70
-11.84
-18.04
-24.63
-27.08
-25.97
-23.42
-19.36
-13.49
-8.40
-7.68
-11.76
-17.57
-22.35
-26.00
-29.24
-30.95
-28.95
-23.37
-17.63
-14.91
-14.51
-13.05
-9.08
-4.64
-2.25
-2.17
-3.51
-6.04
-8.99
-9.91
-7.35
-3.90
-3.85
-7.83
-12.11
-13.60
-13.27
-13.59
-14.90
-15.56
-14.41
-11.69
-8.49
-6.58
-7.54
-10.80
-13.54
-13.75
-12.56
-12.01
-11.40
-8.02
-1.49
4.67
6.67
4.56
1.90
2.13
6.03
11.88
17.02
19.33
18.22
15.03
12.42
12.48
14.72
16.24
14.71
11.35
9.78
11.45
13.25
11.12
4.94
-1.54
-5.36
-7.06
-8.53
-10.16
-11.19
-11.51
-11.69
-12.11
-12.97
-14.63
-16.61
-17.19
-15.47
-13.57
-15.07
-20.63
-26.86
-29.71
-28.28
-24.52
-20.83
-18.92
-19.87
-23.51
-27.72
-29.79
-28.82
-26.33
-24.42
-24.20
-25.53
-27.34
-27.78
-25.19
-19.66
-13.13
-7.45
-3.09
-0.14
0.60
-1.30
-4.54
-7.17
-8.79
-10.12
-10.33
-6.86
0.84
8.78
11.46
7.08
-1.15
-8.66
-12.89
-13.56
-11.55
-8.57
-6.43
-5.36
-3.93
-1.60
-0.61
-3.62
-9.63
-13.93
-12.75
-6.95
-0.57
2.73
1.03
-6.28
-18.00
-29.92
-36.49
-35.22
-29.11
-24.02
-23.39
-25.88
-27.69
-26.44
-23.00
-20.20
-20.18
-22.48
-24.13
-21.72
-14.23
-4.66
1.63
1.26
-3.36
-5.56
-0.66
9.10
16.39
15.52
6.78
-5.01
-14.54
-18.19
-15.04
-7.86
-2.32
-2.37
-6.08
-7.62
-4.15
0.92
2.29
-0.92
-4.67
-4.88
-1.47
2.14
2.22
-2.55
-10.47
-18.36
-23.56
-24.62
-20.71
-12.23
-2.84
1.34
-2.77
-10.91
-15.16
-12.49
-7.27
-5.02
-6.36
-8.75
-11.38
-15.08
-18.68
-19.43
-17.57
-16.87
-18.92
-19.30
-12.18
2.32
17.92
28.88
34.59
37.00
36.18
30.54
20.57
10.03
2.79
-0.23
-0.17
2.07
5.57
7.65
4.99
-1.84
-6.57
-2.65
9.21
20.97
25.53
23.55
20.84
20.40
19.39
13.72
3.18
-8.73
-18.47
-24.52
-26.91
-26.31
-23.36
-18.03
-9.61
2.23
16.43
30.48
40.96
44.13
38.09
25.58
13.47
7.46
7.77
11.36
16.80
23.58
27.35
21.12
4.42
-11.60
-13.02
2.66
24.00
37.37
38.82
33.90
29.26
26.69
24.17
19.51
12.60
5.52
1.28
1.77
6.11
11.17
13.86
12.90
8.91
3.38
-1.97
-5.48
-5.88
-3.29
0.00
0.18
-5.67
-16.59
-26.86
-29.55
-22.58
-11.75
-6.26
-9.84
-17.23
-20.77
-19.52
-18.81
-21.01
-21.15
-14.66
-6.21
-5.46
-14.38
-23.83
-24.69
-18.37
-13.43
-14.74
-19.36
-21.66
-18.96
-12.47
-5.83
-3.17
-5.83
-10.60
-12.74
-10.83
-7.03
