-14.91
-22.79
-25.12
-22.02
-15.40
-6.32
4.15
13.55
19.47
21.73
21.56
19.29
14.42
7.78
1.76
-1.99
-4.41
-7.79
-13.06
-18.67
-21.82
-20.70
-16.02
-10.42
-6.37
-4.56
-4.35
-5.08
-6.16
-6.42
-4.50
-0.85
1.77
0.54
-4.43
-10.08
-13.46
-14.51
-15.47
-17.90
-20.55
-20.51
-16.28
-9.66
-4.35
-2.77
-4.35
-6.57
-7.55
-7.04
-5.54
-3.12
0.29
3.96
6.61
7.56
6.97
4.76
0.25
-6.35
-12.68
-15.82
-15.14
-12.74
-10.87
-9.87
-9.18
-8.99
-9.83
-11.11
-11.40
-10.13
-7.92
-5.28
-1.96
1.92
5.34
7.86
10.66
15.01
20.09
23.50
24.00
22.63
20.76
18.62
16.40
15.33
15.85
15.17
9.27
-1.89
-12.72
-17.13
-14.58
-9.56
-5.86
-3.23
0.11
4.11
7.27
9.17
10.85
12.90
14.48
14.24
11.28
5.40
-2.41
-9.69
-14.24
-16.60
-19.41
-23.53
-26.10
-24.15
-19.19
-15.74
-15.21
-13.97
-8.78
-2.07
0.51
-2.92
-8.50
-11.61
-11.50
-10.16
-8.82
-7.55
-7.11
-8.55
-10.96
-11.40
-7.92
-1.61
5.00
10.41
14.43
16.82
17.05
15.44
13.46
12.42
12.10
10.98
7.79
3.15
-0.18
0.87
7.01
15.68
23.05
26.84
27.00
24.31
19.63
14.77
12.68
15.24
20.76
24.78
23.78
18.04
10.90
6.06
5.53
9.32
15.72
21.95
25.62
26.14
24.65
22.48
19.82
16.08
11.12
5.85
2.09
1.70
5.33
11.03
14.67
12.94
6.67
0.58
-1.08
1.46
4.03
2.80
-2.45
-9.18
-14.91
-18.69
-20.39
-19.92
-17.79
-15.86
-16.24
-19.19
-22.45
-23.12
-19.93
-13.72
-6.23
0.82
5.85
8.03
8.21
8.46
9.90
11.33
10.73
7.94
5.18
4.92
7.64
11.67
14.84
16.25
16.91
18.68
22.07
25.12
25.18
21.70
16.60
11.86
7.82
4.36
2.28
2.31
3.65
4.98
6.72
10.37
15.49
19.23
19.62
17.86
16.06
14.19
11.03
7.21
4.89
4.32
2.91
-1.36
-7.31
-12.40
-15.75
-17.57
-16.96
-12.43
-4.91
1.92
4.97
4.50
3.10
2.66
3.22
3.78
3.45
2.10
0.62
0.17
0.65
0.37
-2.09
-5.85
-8.62
-9.36
-9.19
-9.33
-9.32
-7.95
-5.46
-3.51
-2.77
-1.84
0.84
4.39
6.12
4.79
2.33
1.78
4.36
9.10
14.30
18.32
19.54
17.79
15.65
16.34
19.36
19.99
14.66
5.44
-2.78
-8.38
-13.74
-20.13
-24.99
-25.42
-21.97
-17.08
-11.76
-6.07
-1.89
-2.10
-6.39
-10.25
-9.40
-4.01
2.27
6.47
7.99
7.09
3.80
-0.94
-4.41
-3.93
0.38
5.31
7.71
7.26
6.02
5.51
5.27
4.27
2.84
2.50
4.22
7.57
11.11
13.02
11.76
7.16
1.41
-2.12
-1.71
1.39
4.62
6.50
6.87
5.77
3.55
1.86
3.15
8.15
14.44
18.11
17.00
12.21
7.00
4.48
5.68
9.03
11.66
11.71
9.69
7.17
4.63
1.31
-2.80
-5.84
-5.84
-3.13
-0.16
1.31
2.02
4.00
7.95
12.13
13.85
12.05
8.31
5.33
4.15
3.43
1.77
0.22
1.05
3.99
5.23
1.70
-4.58
-8.25
-6.88
-3.89
-4.45
-9.35
-14.24
-14.62
-10.34
-4.97
-1.63
-0.41
0.13
0.33
-0.99
-4.51
-9.22
-13.80
-18.15
-22.80
-27.07
-29.07
-27.70
-23.86
-19.65
-16.73
-15.37
-14.31
-11.59
-6.46
-0.49
3.75
5.33
5.10
3.60
0.48
-3.46
-6.02
-6.67
-7.89
-11.41
-14.55
-13.11
-7.24
-1.44
1.29
2.33
3.60
4.21
2.70
0.15
-1.64
-3.39
-7.13
-12.29
-15.77
-15.42
-11.19
-3.13
8.59
20.70
27.08
24.12
14.86
5.92
1.31
0.63
2.15
4.94
7.73
8.26
5.17
-0.23
-5.44
-9.48
-13.17
-16.86
-19.13
-18.39
-14.99
-10.97
-7.81
-5.31
-3.10
-2.39
-5.02
-10.56
-15.62
-16.77
-14.15
-11.41
-12.09
-16.26
-20.72
-21.91
-18.54
-11.90
-4.27
2.97
9.57
15.29
18.89
18.57
13.44
4.61
-5.06
-12.32
-15.25
-14.11
-10.55
-5.99
-0.93
4.14
8.11
10.36
11.97
14.44
17.00
16.51
10.97
2.13
-6.37
-12.86
-18.57
-24.98
-31.56
-36.55
-38.82
-38.09
-34.31
-27.68
-19.35
-11.21
-4.82
-0.86
0.63
0.06
-1.62
-3.37
-4.83
-6.36
-8.27
-10.41
-12.63
-15.23
-18.37
-21.45
-23.28
-22.66
-18.88
-12.22
-4.32
2.70
8.06
12.90
18.20
22.55
23.34
20.18
15.97
13.68
13.20
12.19
9.57
6.67
5.33
5.82
7.31
9.53
13.20
19.10
26.93
34.82
39.87
39.90
35.33
29.09
23.99
20.36
16.75
12.67
9.36
7.59
5.79
1.44
-5.68
-12.59
-15.74
-14.11
-9.69
-5.42
-3.05
-2.74
-3.96
-6.39
-9.66
-12.43
-12.43
-8.02
-0.03
8.43
14.22
16.07
14.65
11.33
7.31
3.30
-0.69
-5.05
-9.58
-12.91
-13.60
-12.07
-10.63
-11.30
-13.99
-16.89
-18.17
-16.98
-13.52
-8.98
-5.29
-4.25
-6.39
-10.81
-15.93
-19.71
-19.85
-14.97
-6.50
1.41
4.92
3.66
0.59
-1.21
-0.90
0.52
2.02
3.13
3.48
2.80
1.47
0.52
0.60
1.12
0.89
-0.51
-2.09
-2.45
-1.54
-0.95
-2.48
-6.13
-10.10
-12.73
-14.13
-15.46
-17.15
-18.45
-18.79
-18.47
-17.46
-14.48
-8.37
-0.69
4.27
3.05
-3.38
-9.91
-11.60
-7.54
-0.93
4.32
6.62
6.97
6.96
7.08
6.61
4.53
0.39
-5.33
-11.52
-17.05
-21.43
-24.61
-26.32
-26.07
-23.95
-21.12
-18.66
-16.16
-12.20
-6.37
-0.62
2.18
0.87
-2.91
-6.41
-8.28
-9.47
-11.50
-14.19
-15.74
-15.38
-15.32
-18.87
-26.06
-32.22
-31.98
-24.84
-15.81
-10.53
-10.33
-12.23
-12.87
-11.68
-10.55
-11.27
-13.70
-15.97
-16.05
-13.51
-9.86
-7.48
-7.92
-10.95
-14.89
-17.46
-16.95
-13.42
-9.10
-7.14
-9.26
-14.59
-20.60
-24.80
-25.34
-21.42
-14.19
-7.05
-3.36
-3.24
-3.43
-0.83
4.43
10.28
15.57
20.06
22.07
18.56
8.80
-3.34
-12.53
-17.13
-19.94
-24.13
-29.54
-33.43
-33.53
-29.49
-22.26
-13.35
-4.88
0.73
2.12
0.19
-2.21
-2.34
0.06
2.41
1.83
-1.66
-4.99
-5.43
-3.67
-2.87
-4.79
-7.94
-9.56
-8.69
-6.85
-6.17
-7.16
-7.69
-4.41
4.07
14.76
21.83
21.31
14.50
6.46
1.60
0.95
2.66
3.87
2.31
-2.72
-9.78
-16.01
-18.82
-17.42
-13.02
-7.96
-4.44
-3.37
-4.10
-5.14
-5.43
-5.00
-4.55
-4.59
-4.70
-4.09
-2.87
-2.67
-5.18
-9.84
-13.44
-12.88
-8.22
-2.71
0.17
-0.38
-2.20
-2.34
0.52
5.40
10.61
15.47
20.20
24.30
26.24
25.11
21.95
18.81
16.92
16.38
16.64
16.64
15.07
11.90
9.41
10.30
14.57
19.05
20.34
17.80
13.58
10.64
10.46
11.95
12.20
9.39
5.03
2.42
2.86
4.53
5.36
5.37
5.24
4.23
1.40
-1.82
-2.49
0.10
3.20
3.78
1.85
-0.24
-0.86
-0.53
-0.41
-0.55
0.13
2.60
6.66
10.75
12.87
12.17
9.94
8.55
9.07
10.05
9.19
6.31
3.72
3.48
4.87
5.52
4.45
2.87
2.10
1.91
1.68
2.16
4.88
10.00
15.66
19.76
21.43
20.70
17.42
11.70
5.36
1.55
1.99
4.57
4.98
1.16
-4.28
-7.11
-6.30
-4.40
-3.48
-2.42
0.85
6.01
10.84
14.25
17.11
20.24
23.48
26.83
30.66
34.25
35.45
33.22
29.27
26.17
24.32
22.03
17.90
12.05
5.33
-0.83
-3.96
-1.60
6.00
14.53
18.11
13.67
3.44
-6.69
-11.55
-10.39
-6.49
-3.05
-0.23
3.48
7.92
11.24
12.97
15.13
19.29
23.91
25.83
23.62
18.78
14.21
12.45
14.26
17.39
17.20
10.71
0.42
-7.32
-8.30
-3.96
1.40
5.65
9.76
14.77
19.61
22.38
22.55
21.08
18.89
16.22
13.39
11.36
10.63
10.32
9.00
6.57
4.51
4.00
4.52
4.78
4.34
3.69
3.37
3.67
4.78
6.20
6.24
3.63
-0.32
-2.56
-1.92
-0.89
-2.76
-7.84
-13.70
-18.20
-20.68
-20.43
-16.41
-9.49
-3.49
-1.94
-4.45
-7.48
-8.68
-8.72
-8.85
-8.47
-6.29
-2.70
0.60
2.74
4.11
4.95
4.96
4.59
5.09
6.81
8.28
7.73
4.83
0.21
-5.83
-12.84
-18.96
-21.61
-19.82
-15.39
-11.51
-10.31
-11.52
-12.97
-12.46
-9.77
-6.98
-6.26
-7.32
-7.51
-4.59
0.77
5.19
5.43
1.25
-4.01
-6.19
-3.89
0.54
3.80
4.75
4.26
3.08
1.09
-1.41
-3.44
-4.82
-6.77
-10.04
-13.33
-14.40
-12.35
-8.16
-3.54
-0.07
1.16
0.16
-1.45
-1.65
0.03
2.01
2.29
0.35
-2.64
-4.98
-5.69
-5.08
-4.31
-4.64
-6.91
-11.35
-17.18
-22.22
-23.80
-21.07
-16.28
-12.73
-11.64
-11.65
-11.27
-10.42
-9.08
-6.13
-0.75
5.64
10.41
12.67
14.10
16.77
21.00
25.51
28.53
28.52
24.82
18.55
12.27
8.02
5.92
4.98
4.25
2.91
-0.00
-4.34
-7.84
-7.65
-3.31
2.83
7.92
10.47
9.90
6.16
0.71
-3.36
-3.82
-1.69
-0.06
-0.91
-3.88
-7.62
-11.03
-12.85
-11.96
-8.95
-6.73
-7.84
-11.32
-13.25
-10.86
-5.69
-1.84
-1.49
-2.61
-1.49
3.09
8.62
11.37
9.73
5.06
0.27
-2.08
-1.35
0.59
0.29
-4.49
-12.53
-19.99
-23.71
-23.45
-21.12
-18.68
-17.13
-16.83
-17.69
-19.02
-20.11
-20.97
-22.30
-24.24
-25.71
-25.21
-22.60
-19.59
-18.44
-19.83
-22.01
-22.29
-19.38
-14.50
-10.04
-7.37
-6.15
-5.19
-3.49
-0.42
3.99
8.30
9.75
6.35
-0.74
-7.33
-9.32
-6.09
-0.99
1.61
0.04
-3.60
-5.78
-4.96
-2.39
0.01
1.56
2.56
2.93
2.45
1.55
0.75
-0.48
-2.87
-5.30
-5.19
-1.56
3.35
6.52
7.01
5.41
1.90
-3.40
-8.77
-11.84
-12.23
-11.63
-10.62
-7.53
-1.31
5.69
9.64
9.19
6.52
4.71
5.44
8.76
13.88
19.25
22.64
21.86
16.03
6.38
-4.05
-12.13
-16.36
-17.02
-14.69
-9.75
-3.84
-0.76
-3.52
-10.51
-16.14
-16.11
-11.15
-4.84
0.73
5.89
10.78
14.08
14.48
12.20
8.50
4.69
1.98
1.24
2.00
2.29
0.51
-2.74
-5.26
-5.64
-4.26
-1.85
2.09
8.86
18.26
27.15
30.67
26.06
15.52
4.84
-1.44
-3.52
-4.61
-6.51
-8.06
-7.55
-5.28
-3.04
-2.43
-4.14
-8.03
-12.74
-15.87
-15.75
-13.06
-9.65
-6.37
-2.89
0.38
2.17
2.37
2.90
5.09
7.24
6.25
1.57
-3.86
-6.64
-5.93
-3.15
0.23
3.69
7.16
10.35
12.73
13.85
13.83
13.81
15.21
17.85
19.08
15.87
8.20
-0.20
-5.02
-5.01
-2.42
-0.52
-1.03
-3.46
-6.13
-7.45
-6.89
-5.17
-3.80
-4.05
-6.33
-10.01
-13.99
-17.44
-20.25
-22.56
-24.02
-23.85
-21.99
-19.62
-17.80
-15.93
-12.19
-6.00
0.85
5.80
7.97
8.61
9.29
10.18
10.17
8.37
5.53
3.77
4.57
6.79
7.16
3.32
-3.42
-9.06
-10.66
-9.01
-7.11
-6.62
-6.22
-3.78
0.41
3.24
2.05
-2.12
-5.25
-4.31
0.08
4.96
8.19
9.27
8.12
4.68
0.10
-3.10
-2.93
0.25
4.55
8.54
11.69
13.41
12.80
9.55
4.54
-0.87
-5.90
-10.90
-16.97
-24.53
-31.71
-34.67
-30.77
-21.52
-11.80
-5.66
-3.58
-3.60
-4.19
-5.26
-7.04
-9.15
-10.75
-11.21
-10.79
-10.77
-12.20
-14.43
-15.52
-14.82
-13.92
-14.27
-14.71
-13.23
-10.44
-8.90
-9.07
-8.32
-5.25
-2.54
-3.48
-7.12
-9.67
-9.79
-9.96
-12.33
-15.86
-18.20
-18.38
-16.47
-12.61
-7.83
-4.28
-2.61
-0.45
4.55
10.89
14.64
14.40
12.52
11.09
9.20
5.41
0.79
-2.16
-2.75
-2.50
-2.84
-3.94
-5.46
-7.05
-8.07
-8.12
-7.78
-8.12
-9.13
-9.50
-8.03
-4.64
-0.02
4.83
8.51
9.83
8.62
5.39
0.10
-7.67
-16.76
-24.16
-27.83
-28.87
-29.77
-30.77
-29.90
-26.27
-21.62
-17.89
-14.76
-11.22
-8.34
-8.72
-12.97
-18.11
-20.30
-18.11
-12.86
-6.78
-1.92
0.25
-0.01
-0.12
2.54
6.97
8.67
4.46
-3.77
-11.34
-15.76
-17.91
-18.72
-17.18
-12.51
-6.54
-2.28
-0.89
-0.90
-0.07
2.79
7.22
11.29
12.67
10.79
7.79
6.21
6.12
5.83
5.30
7.06
12.65
19.70
24.13
24.78
24.31
25.51
28.15
30.17
30.75
30.87
31.17
30.48
27.48
22.87
19.05
17.28
16.38
14.89
13.62
14.67
17.87
20.02
18.47
14.49
11.77
12.05
13.35
12.65
9.15
4.95
3.33
6.60
14.19
22.14
25.61
23.11
18.12
15.43
16.09
16.72
13.82
7.57
1.21
-2.21
-1.69
2.18
7.91
13.23
15.48
13.18
7.34
0.80
-4.16
-7.48
-10.62
-14.27
-17.21
-17.88
-16.71
-15.99
-16.85
-17.40
-14.83
-9.47
-5.15
-5.07
-8.05
-10.13
-9.38
-7.77
-8.27
-11.36
-15.03
-17.27
-17.66
-16.97
-16.08
-15.19
-13.65
-10.35
-4.89
1.77
7.94
12.38
14.37
13.34
9.37
4.13
0.39
-0.38
0.52
0.30
-2.36
-5.70
-6.24
-1.81
6.51
15.30
21.65
24.89
25.72
24.41
20.79
15.66
10.84
7.28
4.06
0.22
-2.89
-2.31
2.98
10.19
15.27
17.49
20.15
26.16
33.56
37.13
34.54
29.28
26.20
25.53
23.33
17.30
9.57
3.37
-0.89
-4.69
-8.29
-10.55
-10.86
-9.37
-5.60
1.30
10.34
18.17
21.54
19.82
14.83
9.26
5.26
3.56
2.97
1.32
-2.41
-7.28
-11.72
-15.24
-18.28
-21.01
-22.99
-23.75
-22.96
-20.38
-16.26
-11.92
-9.34
-9.64
-12.32
-15.85
-18.87
-20.78
-21.53
-21.03
-18.83
-14.31
-7.51
0.09
5.86
7.96
7.13
6.33
7.94
11.18
13.01
11.54
8.09
5.27
3.77
2.43
1.19
2.34
7.64
14.91
19.18
17.66
12.62
8.78
8.15
8.42
6.38
2.01
-1.50
-1.66
0.54
2.37
3.02
4.22
7.01
9.50
9.05
5.83
2.61
1.06
0.07
-1.95
-4.27
-4.82
-2.79
0.88
5.14
9.18
11.33
9.40
3.01
-5.23
-11.73
-14.33
-12.38
-6.00
3.15
11.17
14.38
12.82
9.89
8.00
6.10
2.41
-2.18
-5.22
-6.31
-7.51
-10.04
-12.19
-11.45
-7.38
-1.76
3.32
6.59
7.71
7.58
8.12
10.61
13.78
14.59
11.30
5.49
0.53
-1.57
-1.92
-3.27
-7.09
-11.84
-14.27
-12.45
-7.33
-1.06
5.24
11.15
15.11
14.76
10.07
4.39
1.13
0.19
-1.05
-3.97
-7.88
-12.45
-18.29
-24.26
-26.39
-21.89
-13.16
-6.09
-4.30
-7.10
-12.69
-21.17
-33.22
-47.37
-60.36
-69.95
-76.44
-81.61
-86.95
-92.51
-96.57
-96.89
-93.22
-88.30
-85.12
-83.07
-78.45
-69.50
-59.66
-54.17
-54.25
-56.15
-55.82
-52.91
-49.66
-47.31
-44.94
-41.07
-35.20
-27.80
-20.14
-14.16
-11.40
-11.26
-11.03
-8.55
-4.59
-1.83
-1.49
-2.26
-2.58
-2.93
-4.83
-8.08
-10.31
-9.42
-5.57
-0.48
4.56
9.38
13.85
16.97
17.14
13.35
6.17
-2.28
-9.36
-12.85
-11.32
-4.82
3.75
8.55
4.59
-6.65
-16.63
-16.80
-6.70
5.86
12.68
11.83
6.89
1.77
-2.25
-5.59
-8.75
-11.76
-14.23
-15.84
-17.26
-19.98
-24.24
-27.54
-26.81
-22.42
-18.51
-18.60
-21.85
-24.50
-24.01
-20.49
-14.95
-8.22
-1.73
2.28
2.52
0.26
-1.62
-1.15
1.30
3.65
3.95
1.90
-0.85
-1.92
-0.06
3.70
6.53
5.62
0.44
-5.86
-7.75
-1.60
10.47
21.57
25.94
23.63
19.17
16.67
17.41
21.05
26.60
31.53
32.04
26.31
17.06
9.29
5.43
3.97
2.27
-0.54
-3.77
-6.59
-8.04
-6.97
-3.36
0.28
0.20
-5.32
-14.18
-21.89
-24.32
-19.86
-10.29
-0.26
5.18
4.15
-0.56
-3.86
-2.42
3.33
10.19
14.37
13.18
6.19
-4.45
-15.38
-23.91
-28.62
-28.54
-23.22
-13.99
-4.08
3.64
8.78
12.81
17.12
22.25
27.95
32.50
32.79
27.09
17.83
9.78
5.05
1.64
-2.66
-6.59
-7.13
-3.36
3.13
10.54
17.86
23.87
27.12
27.31
25.63
23.33
20.47
16.27
9.97
1.78
-6.24
-10.70
-9.61
-4.41
1.66
7.10
12.76
19.28
25.76
31.50
36.96
41.66
42.74
37.74
28.03
17.82
9.80
3.57
-1.76
-5.24
-5.51
-3.41
-1.50
-1.23
-1.25
0.70
4.94
9.25
11.24
10.64
8.77
6.00
0.98
-6.92
-15.06
-18.39
-13.54
-1.78
11.88
22.38
27.69
29.32
30.42
33.35
38.27
43.34
45.94
43.93
36.49
24.49
10.26
-3.05
-12.38
-15.74
-13.25
-7.50
-2.19
0.60
1.68
3.18
6.09
10.08
14.75
19.74
23.48
23.45
18.91
12.60
8.43
7.83
9.05
10.02
10.76
12.96
18.03
25.94
34.91
41.86
44.10
41.52
36.90
33.04
29.96
25.68
19.50
13.03
7.85
3.81
0.50
-0.92
0.99
5.33
9.44
12.08
14.72
19.02
24.39
29.10
32.98
37.66
44.27
51.67
57.10
58.16
54.55
48.48
43.18
40.22
38.40
35.81
32.51
30.06
28.68
26.68
23.54
21.87
24.70
31.19
37.11
39.52
39.60
40.08
41.51
42.32
41.53
39.46
35.98
30.05
22.16
15.50
13.36
15.72
19.67
22.67
24.20
24.12
21.59
16.50
10.97
7.91
8.43
11.31
14.52
16.40
15.96
13.48
11.01
11.01
13.61
16.08
15.56
12.06
8.34
7.15
8.85
11.31
11.84
9.52
5.92
3.35
2.51
2.31
2.15
3.11
6.14
9.85
11.51
10.16
7.49
5.53
4.58
3.96
3.53
3.64
3.99
3.76
2.99
2.90
4.73
8.46
12.64
15.19
14.36
10.20
5.10
2.31
3.12
5.72
7.42
7.55
7.63
9.06
11.77
14.87
17.64
19.54
20.03
19.24
18.20
17.58
16.65
13.92
9.02
3.54
0.30
1.44
6.76
13.41
18.06
19.61
19.41
18.68
17.10
14.60
12.89
13.20
13.43
10.10
3.10
-3.63
-6.76
-6.53
-4.31
0.28
7.95
17.08
24.60
28.73
28.88
23.95
13.61
1.12
-7.75
-9.79
-6.86
-2.66
1.11
4.23
5.70
4.28
0.69
-2.45
-3.26
-2.15
-0.76
-0.45
-1.89
-4.97
-8.81
-12.36
-15.52
-19.05
-22.96
-25.74
-25.66
-22.51
-17.79
-13.49
-11.05
-11.09
-13.03
-15.15
-15.60
-14.00
-11.60
-9.49
-7.10
-3.24
1.05
1.95
-3.80
-14.95
-26.13
-32.61
-33.85
-32.11
-28.65
-22.90
-14.85
-6.27
0.97
6.79
12.02
16.71
20.33
22.89
24.65
24.85
22.24
16.77
9.41
0.14
-12.06
-26.02
-36.33
-36.88
-26.60
-10.74
3.98
14.49
21.38
25.41
25.88
22.55
17.49
13.66
11.87
9.73
4.13
-5.45
-16.02
-23.00
-23.36
-17.41
-8.29
0.44
6.98
11.61
15.11
17.48
18.02
16.17
11.60
4.05
-6.08
-17.14
-26.90
-34.10
-38.51
-39.29
-34.59
-23.98
-10.92
-1.15
2.12
0.86
-0.52
0.12
1.22
0.28
-3.50
-9.30
-16.13
-22.82
-27.34
-27.63
-23.31
-15.74
-6.06
5.42
17.12
24.76
24.01
14.91
2.18
-9.17
-17.65
-24.30
-29.33
-31.76
-31.80
-31.54
-32.13
-31.20
-24.65
-11.32
4.98
18.46
26.08
28.90
29.12
27.12
21.93
14.07
6.23
0.67
-2.85
-5.73
-8.01
-8.58
-7.46
-6.21
-5.54
-4.00
0.08
6.08
11.62
14.87
15.35
12.82
7.13
-0.51
-6.99
-9.20
-6.20
0.36
7.62
13.35
17.10
19.98
23.05
25.80
26.49
23.99
18.63
11.49
3.71
-3.21
-7.64
-9.28
-9.52
-9.54
-8.56
-4.92
1.47
8.98
16.18
22.40
26.50
26.72
22.79
16.98
12.01
8.48
5.23
1.77
-0.91
-1.75
-0.74
1.59
5.08
9.53
13.94
16.47
15.50
10.60
2.87
-5.73
-13.61
-20.40
-26.39
-31.25
-33.61
-32.27
-27.75
-22.30
-18.04
-15.24
-12.45
-8.40
-3.58
0.07
1.22
0.50
-0.25
0.24
1.66
2.98
3.63
4.04
5.14
7.63
11.26
14.61
15.70
13.18
7.22
-0.70
-8.62
-14.99
-18.99
-20.39
-19.36
-16.50
-12.96
-10.17
-8.72
-7.76
-5.86
-2.68
0.46
1.80
0.52
-3.01
-7.77
-12.53
-16.15
-18.07
-18.20
-16.12
-11.23
-4.41
1.08
2.11
-0.90
-4.14
-4.43
-2.00
1.56
6.45
13.94
22.74
28.27
26.69
18.70
8.59
0.38
-4.12
-4.30
0.07
7.75
15.49
19.89
19.74
16.16
10.73
4.87
0.31
-1.33
-0.60
-0.83
-5.41
-14.25
-23.18
-26.76
-21.84
-9.79
3.86
12.76
14.34
11.45
8.85
8.31
7.77
4.78
-0.96
-8.27
-15.71
-21.25
-22.11
-16.78
-6.95
3.29
10.03
11.22
6.93
-0.47
-6.91
-8.94
-6.02
-0.25
5.87
10.83
13.69
13.74
11.43
9.14
9.96
15.24
23.07
29.37
31.03
28.40
24.48
21.73
20.08
18.61
17.97
19.84
24.10
28.18
29.74
29.25
28.83
29.32
29.16
26.01
18.94
9.21
-0.35
-6.61
-7.75
-4.06
2.39
9.02
14.07
17.19
19.24
21.36
23.69
25.12
24.43
21.85
19.02
17.15
15.47
12.31
7.54
3.26
1.50
1.74
1.68
0.28
-1.16
-1.53
-1.98
-4.27
-7.66
-9.35
-8.24
-6.55
-6.67
-7.71
-6.70
-2.32
3.70
8.76
11.31
10.90
7.92
4.02
1.13
-0.68
-3.46
-8.30
-13.04
-14.50
-12.48
-10.01
-9.48
-10.08
-9.74
-8.27
-7.44
-8.12
-8.84
-7.32
-3.21
1.15
2.60
-0.17
-5.86
-12.23
-17.77
-21.73
-23.06
-20.98
-16.55
-12.43
-10.32
-9.23
-7.28
-4.11
-0.81
1.81
3.43
3.34
0.96
-2.49
-4.64
-4.97
-5.54
-7.84
-10.31
-10.63
-9.51
-10.02
-13.01
-15.47
-14.26
-10.08
-6.30
-4.81
-4.67
-4.77
-5.92
-9.21
-12.90
-12.54
-4.74
9.14
23.34
31.61
31.35
24.81
17.03
12.33
11.89
13.71
14.80
13.41
9.78
5.09
0.28
-4.09
-7.38
-8.72
-7.90
-5.96
-4.85
-5.84
-8.06
-8.76
-5.64
0.86
7.56
11.36
12.13
12.59
15.57
21.62
29.06
35.75
40.12
41.23
38.98
34.72
30.90
29.27
29.20
28.57
26.34
23.69
22.37
22.58
22.85
21.89
20.08
19.40
22.15
29.02
37.67
43.48
42.85
36.05
26.58
17.97
11.56
7.19
4.41
2.88
2.11
1.53
0.52
-1.51
-4.18
-5.44
-3.30
1.10
3.62
1.78
-2.06
-3.59
-2.01
-0.35
-0.79
-2.07
-2.03
-0.74
0.28
0.52
0.71
1.31
2.19
3.00
2.92
0.51
-4.71
-10.68
-14.51
-15.80
-17.11
-20.47
-24.49
-25.95
-23.42
-18.53
-13.62
-9.20
-4.14
2.13
8.33
12.47
13.77
12.94
10.60
6.36
0.09
-6.56
-11.05
-12.31
-11.41
-9.99
-8.89
-8.47
-9.07
-10.55
-12.28
-14.60
-19.04
-25.87
-31.92
-32.92
-28.18
-21.57
-17.17
-15.42
-14.51
-14.13
-15.75
-19.55
-22.76
-21.94
-15.85
-6.01
4.62
12.74
15.90
14.23
10.84
9.43
10.81
12.33
10.93
6.42
1.66
-0.22
1.30
3.67
3.40
-0.97
-7.61
-13.24
-16.03
-16.58
-16.37
-16.31
-16.95
-19.06
-22.93
-27.29
-30.13
-30.29
-27.89
-23.39
-17.61
-12.47
-10.18
-10.62
-10.72
-8.02
-4.33
-4.16
-9.54
-17.74
-24.45
-27.71
-27.99
-25.99
-21.98
-16.89
-12.43
-9.97
-10.10
-12.98
-17.96
-22.91
-25.17
-23.75
-19.86
-15.43
-11.97
-10.72
-12.26
-15.14
-16.36
-14.24
-9.83
-4.88
-0.00
3.91
3.98
-1.91
-11.13
-17.47
-17.31
-13.06
-9.94
-10.73
-14.34
-17.81
-18.46
-15.34
-10.24
-6.73
-6.95
-9.57
-11.66
-11.68
-10.19
-8.33
-7.35
-8.62
-12.37
-16.56
-18.45
-17.89
-17.37
-18.64
-20.80
-22.27
-23.28
-24.97
-27.23
-28.70
-28.45
-26.30
-21.95
-15.41
-8.31
-3.45
-2.53
-5.04
-9.42
-14.30
-18.05
-18.75
-16.14
-13.09
-13.39
-17.54
-21.81
-22.30
-19.15
-15.80
-14.37
-13.55
-11.30
-8.30
-7.07
-8.19
-9.28
-8.47
-7.04
-7.45
-9.74
-11.78
-12.59
-13.47
-15.29
-16.42
-14.78
-10.82
-7.09
-5.02
-3.68
-1.70
1.02
3.93
7.28
11.76
16.87
20.48
20.59
17.51
13.93
12.37
12.54
11.85
8.79
5.20
4.30
6.78
9.92
10.68
8.77
5.97
3.74
2.36
1.90
2.51
3.56
3.51
1.62
-0.82
-1.80
-1.01
-0.06
0.04
1.01
5.48
13.12
19.53
20.07
14.73
8.21
5.10
5.82
7.49
7.66
6.17
3.96
1.82
0.34
0.01
0.29
-0.23
-2.11
-3.97
-4.26
-3.35
-2.70
-2.20
-0.36
2.61
3.73
0.96
-3.38
-4.82
-2.18
1.24
2.11
0.99
0.81
3.07
6.94
11.17
14.92
16.95
15.90
12.26
8.71
7.82
10.04
14.52
20.57
26.93
30.46
27.70
18.73
8.27
1.78
0.61
1.63
1.20
-1.36
-4.33
-6.16
-6.59
-5.68
-3.39
-0.35
1.81
1.95
0.98
1.17
4.04
9.10
14.75
19.26
21.14
19.66
15.87
12.33
10.83
10.95
11.70
13.91
19.29
27.03
33.12
34.15
30.51
24.78
18.12
10.12
1.47
-5.41
-9.17
-11.07
-12.69
-13.39
-11.63
-8.12
-5.66
-5.67
-6.40
-5.49
-3.40
-2.86
-5.21
-8.81
-11.29
-12.52
-13.89
-15.24
-14.19
-9.20
-2.26
2.77
4.17
3.39
2.18
0.13
-4.11
-10.25
-16.37
-21.08
-24.53
-26.91
-27.08
-23.11
-14.36
-2.94
6.98
11.93
11.52
7.91
2.76
-4.36
-13.57
-21.87
-25.01
-22.62
-19.55
-20.59
-24.67
-25.76
-19.47
-7.53
3.96
9.78
8.88
3.87
-1.51
-4.86
-5.91
-5.85
-5.74
-5.36
-3.45
0.86
6.59
11.10
12.33
10.71
8.50
7.15
6.25
5.28
5.16
6.78
8.78
8.63
6.28
5.18
8.48
15.00
19.86
19.09
12.87
4.66
-2.09
-6.13
-8.29
-9.72
-10.45
-9.48
-6.52
-3.18
-2.20
-5.04
-10.60
-16.03
-18.90
-18.67
-16.62
-14.65
-14.04
-14.93
-16.68
-18.49
-19.60
-19.45
-17.79
-14.76
-10.58
-5.51
-0.56
2.24
1.19
-2.86
-6.63
-7.58
-6.74
-7.47
-11.29
-15.87
-17.32
-13.98
-7.67
-1.65
1.94
2.77
1.59
-0.56
-2.65
-3.95
-4.63
-5.89
-8.98
-13.59
-17.34
-17.51
-13.53
-7.75
-3.57
-2.54
-3.33
-3.07
0.19
6.06
12.44
17.33
19.83
19.96
18.21
15.61
13.58
12.98
13.00
11.97
9.33
6.55
5.71
7.53
10.76
13.25
13.37
11.18
8.32
6.59
6.26
6.20
5.81
5.92
7.23
8.95
9.75
9.47
8.37
5.61
0.54
-4.43
-4.64
1.50
9.54
12.94
9.36
1.99
-4.61
-8.11
-8.54
-7.33
-7.00
-9.93
-16.25
-23.44
-28.50
-29.61
-25.78
-17.05
-6.20
1.62
3.21
0.69
-1.10
-0.04
2.40
4.91
8.19
12.31
14.90
13.73
9.95
7.13
7.82
12.21
19.17
26.71
31.77
31.67
26.75
20.73
17.59
18.13
19.94
20.08
17.57
13.55
9.75
7.21
5.98
5.59
5.32
4.66
3.76
3.21
2.96
1.97
-0.13
-1.52
-0.09
2.98
3.50
-0.74
-6.74
-9.89
-9.42
-8.17
-7.48
-5.30
-0.33
4.46
4.57
-0.63
-6.83
-9.21
-6.72
-2.26
0.48
0.08
-1.86
-2.79
-2.02
-1.31
-2.42
-4.78
-6.44
-7.01
-8.42
-12.32
-17.69
-21.94
-23.84
-24.44
-25.32
-26.83
-28.20
-28.81
-28.85
-29.02
-29.90
-31.05
-30.66
-26.69
-19.29
-11.68
-7.53
-7.38
-8.55
-8.85
-9.13
-11.58
-16.28
-21.10
-24.21
-25.33
-24.48
-21.19
-15.88
-10.77
-8.21
-8.34
-9.49
-10.40
-11.02
-11.23
-10.10
-7.12
-3.32
-0.31
1.61
3.72
6.97
10.38
11.60
9.39
5.22
1.98
1.21
2.08
3.34
5.32
9.22
14.65
19.26
20.96
19.93
18.01
16.76
16.33
15.71
13.35
8.47
2.07
-3.39
-6.04
-5.77
-3.15
1.77
8.44
14.34
16.23
13.48
8.81
5.40
4.03
3.45
2.55
0.87
-2.16
-7.01
-12.48
-15.26
-12.20
-3.46
6.96
14.12
16.24
15.80
16.31
18.27
18.66
14.68
7.01
-0.94
-6.32
-8.91
-10.23
-11.28
-11.25
-8.31
-2.18
4.03
5.65
0.92
-6.77
-12.39
-14.36
-14.99
-16.02
-15.78
-11.83
-4.85
1.62
5.02
6.10
7.33
9.90
12.95
15.19
16.78
19.31
23.53
27.56
27.92
22.81
13.82
4.32
-3.20
-7.50
-7.65
-3.37
3.59
9.82
12.67
11.79
8.53
4.63
1.62
-0.07
-2.12
-7.48
-16.91
-26.68
-31.05
-27.48
-18.76
-9.99
-3.99
0.06
4.58
10.89
18.19
24.38
27.27
25.63
19.82
11.76
3.84
-2.70
-8.13
-12.85
-16.26
-17.59
-17.25
-15.76
-11.74
-3.04
9.06
18.93
21.62
17.72
11.44
5.02
-2.07
-9.13
-13.13
-12.95
-11.58
-11.96
-12.47
-9.13
-0.79
10.51
23.14
36.43
47.30
50.24
42.56
28.15
14.26
5.65
2.92
4.37
6.94
6.36
0.03
-8.69
-11.44
-2.07
17.06
36.92
49.52
53.13
50.84
46.34
41.73
37.92
34.62
29.69
20.26
6.14
-8.41
-17.67
-19.31
-15.63
-10.23
-4.79
0.62
5.60
9.41
12.13
14.48
16.43
16.99
15.36
11.42
5.18
-3.46
-13.98
-25.00
-34.94
-42.74
-48.10
-51.55
-54.05
-55.28
-52.75
-43.95
-29.97
-15.47
-4.45
2.89
8.01
10.18
7.11
-0.96
-9.82
-14.82
-14.98
-12.98
-11.81
-11.93
-11.21
-7.40
-0.79
5.69
9.39
10.38
10.41
10.03
8.18
4.44
-0.29
-5.86
-13.56
-23.35
-31.97
-36.03
-36.04
-35.03
-33.81
-30.27
-24.13
-19.22
-19.10
-21.71
-20.95
-13.59
-2.87
5.03
6.47
1.96
-6.27
-16.02
-24.60
-28.08
-23.43
-11.83
1.10
9.83
13.45
14.85
15.77
14.66
9.88
2.92
-3.55
-9.16
-15.03
-19.88
-20.12
-14.80
-7.84
-3.42
-0.67
4.70
14.18
24.12
29.59
28.69
22.76
14.19
5.16
-2.85
-9.69
-16.07
-21.73
-24.83
-24.50
-22.68
-21.79
-20.71
-15.59
-5.46
5.02
9.90
8.06
3.10
-1.69
-6.06
-10.44
-13.53
-14.06
-13.27
-13.68
-15.56
-16.20
-13.07
-6.41
1.59
8.90
13.99
14.98
10.17
0.42
-9.76
-14.70
-12.09
-4.93
1.13
2.70
0.66
-1.92
-2.70
-0.48
5.60
15.08
24.51
28.79
25.42
17.09
9.15
4.98
4.14
4.32
4.14
4.20
6.19
10.81
16.22
18.93
17.11
12.64
9.12
8.27
8.83
8.81
7.32
4.73
2.11
1.09
2.37
4.00
2.53
-2.85
-8.39
-9.43
-5.20
1.26
7.14
11.65
14.16
13.16
8.50
3.11
0.60
1.10
0.95
-3.34
-11.25
-18.62
-21.47
-19.55
-16.19
-14.70
-14.85
-13.42
-8.23
-1.15
3.51
3.11
-1.14
-5.88
-8.73
-10.06
-12.00
-15.71
-19.45
-19.64
-14.72
-7.34
-2.16
-1.34
-3.21
-4.81
-4.54
-2.17
1.88
6.15
8.03
5.95
1.49
-1.98
-2.87
-2.57
-2.97
-3.93
-4.01
-2.95
-2.11
-2.59
-3.63
-3.63
-2.35
-1.30
-1.62
-2.14
-0.60
3.38
7.63
10.13
11.27
12.47
13.30
11.76
7.50
3.13
1.48
2.60
4.13
4.04
1.91
-1.87
-6.81
-11.94
-15.74
-17.44
-17.69
-17.64
-17.39
-16.17
-13.89
-11.76
-10.83
-10.35
-8.48
-4.53
0.36
4.88
9.09
13.52
17.47
19.57
19.66
18.77
17.09
13.33
6.98
0.23
-3.63
-3.61
-1.96
-1.93
-5.02
-10.28
-15.40
-18.28
-18.13
-15.59
-11.75
-7.16
-1.93
3.35
7.47
9.41
9.47
9.30
10.77
14.06
16.77
15.58
9.43
0.66
-7.42
-13.35
-17.11
-17.72
-13.77
-6.74
-1.60
-2.35
-7.61
-12.37
-13.80
-13.78
-15.33
-18.27
-19.67
-17.90
-14.92
-13.91
-15.53
-17.16
-15.79
-11.23
-6.10
-3.07
-2.50
-2.64
-1.60
1.16
4.47
6.36
5.50
2.51
-0.28
-0.62
1.88
5.72
8.75
9.29
6.93
2.91
-0.51
-2.00
-2.12
-2.16
-2.56
-3.41
-5.64
-9.67
-12.97
-11.24
-3.47
5.90
11.52
12.91
13.94
17.52
22.75
27.48
30.87
32.58
31.33
26.19
18.61
11.80
8.27
8.68
12.27
16.82
18.74
14.93
5.70
-4.84
-11.98
-14.06
-13.14
-12.94
-15.97
-21.65
-26.77
-27.92
-24.20
-17.42
-10.08
-3.74
0.66
2.39
1.47
-0.87
-3.57
-6.98
-11.86
-17.42
-21.41
-22.26
-20.36
-17.07
-13.15
-8.71
-3.80
1.41
6.90
12.53
17.51
20.34
19.43
14.16
5.74
-3.36
-10.97
-16.28
-18.97
-18.16
-13.45
-6.66
-0.89
2.85
6.61
12.24
18.22
21.29
20.26
16.68
12.26
7.49
2.73
-1.13
-4.01
-7.26
-11.71
-16.24
-18.92
-18.95
-16.55
-11.92
-5.55
0.62
4.05
4.04
2.78
3.39
7.06
11.99
15.03
14.68
12.58
11.93
14.01
16.93
18.38
18.97
21.60
27.73
35.46
41.57
44.22
43.36
39.71
34.52
29.90
27.84
28.55
30.06
29.65
25.78
19.03
11.91
7.33
6.60
8.87
12.60
17.32
22.92
27.49
27.57
21.69
12.97
6.59
4.66
4.65
3.26
0.39
-1.72
-2.34
-3.45
-6.94
-12.11
-16.66
-19.21
-19.94
-19.31
-17.33
-14.16
-10.67
-7.80
-5.65
-3.62
-1.51
-0.41
-1.71
-5.18
-8.19
-7.89
-4.03
1.01
5.06
7.82
9.36
8.74
5.44
1.37
-0.42
1.16
4.50
7.62
9.42
8.98
5.57
0.30
-3.80
-4.56
-2.54
0.52
3.97
7.46
9.24
7.20
1.72
-4.16
-7.51
-7.56
-5.00
-0.61
4.83
10.49
15.80
20.18
22.52
22.02
19.88
19.09
21.49
25.70
28.65
28.51
25.46
20.70
16.02
13.64
14.65
17.53
19.46
19.53
19.09
19.04
18.47
16.99
